128 128
4 2
9 2
10 3
14 4
20 10
22 13
24 14
27 18
32 31
35 33
36 34
38 41
41 43
44 44
48 44
50 47
52 58
54 59
55 61
58 63
61 64
76 68
80 68
82 70
83 74
85 78
85 82
86 99
87 100
92 116
98 119
100 120
100 133
101 133
104 133
104 149
106 152
109 153
112 154
113 156
115 159
117 164
120 164
124 178
125 179
137 179
138 182
139 183
139 184
146 187
157 188
162 191
168 191
170 195
175 198
179 198
181 199
184 199
185 201
191 210
195 216
195 220
198 225
199 230
201 236
201 238
207 238
209 242
213 243
214 245
215 251
215 251
217 254
217 258
222 259
226 266
230 267
231 269
234 270
236 272
238 272
240 276
240 277
243 281
244 281
245 288
245 288
246 288
247 290
247 290
248 293
251 294
274 296
276 297
285 300
291 303
295 312
296 324
297 324
307 324
309 325
320 329
325 329
326 329
327 336
329 351
333 357
333 358
335 361
337 361
339 362
342 362
342 365
343 366
345 368
359 371
363 373
368 374
371 376
371 377
373 382
376 382
377 384
377 386
380 390
381 393
388 397
394 398
